564039.75304088
584582.0593179017
387487.0150935836
309319.0035534613
571650.3628401943
606376.5777908377
257573.20607811213
221272.53972470015
429404.8180752881
208077.33683921397
936126.3462373838
480395.6650236249
538070.1438401937
320759.68162035197
341153.3268736638
862883.8267385326
968326.5151898079
644651.4663443379
597070.1395665891
112847.69909913838
652127.2540352903
581680.6267349273
1458984.1208375283
163630.5953769721
168868.3629163839
191311.9118897915
607880.0653986335
351723.68955887854
474093.9836973883
395208.89786378667
543395.8658925481
574921.3399667814
551274.9940257818
502789.59597235173
1425199.8311351575
1015142.169224441
75961.37666178495
578639.8986407705
1294779.6232808419
160377.31972452626
250403.99618818983
503757.3477830887
404007.8787535466
402243.3290375471
366403.0566183515
548178.1137837693
866037.2838929109
514603.9168273583
843475.3918288164
427730.75298585
140859.20220199227
1031689.3610571511
701282.7851923108
147041.53712312877
654047.1830981523
413142.324103646
460752.84031835943
866335.4667717256
151551.0768274255
433745.63588215783
579284.6808248013
468158.8216548823
381120.5278512798
1224464.30206123
616121.3178518042
387484.4416871816
916885.8235505931
489094.1301200576
366953.5788686499
665014.7267997153
844812.3176577985
537593.9347971044
1097401.9339725897
-53491.09742602706
346347.6239230968
930816.5255602859
754111.6239710003
149218.2387300767
330667.43990624323
336368.37364665046
434423.70551726595
783181.7605701126
479566.6283268072
847066.0688966177
1138300.6671440043
269484.93007336184
705359.2134423889
495118.6850876361
16943.18689814955
540427.3607603274
285586.5696397461
445138.55365171656
465211.32149954885
597085.595435176
301840.09739454836
823812.5382026918
466009.4474770725
282400.29075629637
481273.3337136358
597234.2950918972
355410.2352639176
781629.5389828943
74345.99076167122
338299.6616826132
-18922.5738514252
425354.8538149968
825143.899779465
616416.2581344508
260177.55911536887
163232.51009779796
681108.3812128603
1570442.1558480375
788934.882649485
177393.45116985217
300217.44636627287
385081.1899226606
501263.1559939459
1554825.223123908
540040.8245799989
93201.5220322609
403307.78086612374
932735.0757601149
1508457.8408572078
678106.9355281517
686573.0607814193
262914.65210097283
265800.2443776727
545342.9079203457
359604.03674950823
129528.52254921198
451322.3220799789
70626.17270117253
284775.48004201055
727804.093048282
211077.23509520292
597143.5242800266
788334.987379007
388480.08891424164
219848.4808702767
578111.4469882287
358646.3356856778
666687.1153629981
144008.06702227518
437173.5327937305
1012143.8302083723
433867.15848235413
146723.84141725302
593630.1917989813
277910.47248098254
274431.96895451844
299841.4721889384
473869.2917248346
632217.2194761
716982.751011435
988204.6001567766
589306.3151544034
623479.2633275725
511491.4605759941
258269.7710263431
593459.5429732837
664822.643005766
381488.81213568524
243595.1076576896
629464.5167231448
349583.8161130324
505258.99897535145
602787.1429727264
373189.755843021
370734.7548724152
1489542.5490731895
81706.47948592529
427556.17308208346
521453.0860856958
486320.85473362356
519994.816732198
696625.6147295013
430265.80639946833
323604.7751718387
213174.63159471005
253176.48327127844
1553434.4958783202
962160.6755552292
1151604.9590210915
740741.7173391134
1510775.8337089084
591511.1938778684
606218.4337567426
111289.68154940382
586392.1990951113
268255.71176180243
355232.99453507736
585620.5484292954
357990.6639990099
393910.3538319729
401016.14971643314
420189.4132123701
452224.69795691967
670224.9572324008
577012.1409978382
421093.45864032954
221116.66587267444
347894.20991715416
416286.0633978024
1025520.5632416978
904836.5312866345
201813.94112335518
230707.36389684677
429694.0111527629
930831.1465830579
254620.1633692272
95278.51381200552
614114.233389549
572193.9099826664
138487.30997370929
210230.20771840215
801764.0154235438
195410.52297274023
647514.5756969489
1194143.891582761
242133.29554530233
273570.9244774021
712822.8168358542
441064.0062642656
1136698.052213557
739464.7033733167
351982.8518367782
795415.5221716352
330709.0162028782
164608.69661862403
639900.8228427581
546342.884539444
994485.0498299077
935934.8045485243
76781.81286414713
374848.2974476665
560826.9014103189
516960.6637507938
666585.9139063656
201930.20046186075
477323.2003548667
734370.7830613554
225828.19660956785
692318.516737707
162660.68456229568
375412.7943732105
429244.95731177554
83216.61994995922
480081.7280303724
975586.4076083414
621941.7618615255
438179.05627121776
765930.868046321
322384.9359363988
299199.0834026076
333116.6215263419
452656.01620207727
562124.7404199764
364387.55633938685
504142.7608754039
404988.41400962695
388338.9302962944
881032.5094168298
591890.0375382453
571830.8551321775
214997.51097640768
603457.5182586871
442774.27148936316
204065.02783310786
2206011.0022488646
357250.39079262316
1120289.8837248646
1057389.177347973
74117.67019729316
744496.9472571574
691813.7361114472
450775.4522387162
1136268.268911846
272708.2911493592
480367.22210678086
1012732.4151529558
940329.3974175863
556561.4364007562
165778.62361518666
238605.3262595348
636673.6701924838
854994.9679493196
180052.8007787913
403933.9252204262
299182.0978062004
424393.4567851387
-39626.38261573017
-3002.3851389847696
825991.2866923176
98020.52276849747
468433.2257299386
876663.3628144376
829789.7799548656
504350.058181569
920290.0421066694
453157.0526593812
549744.0370661505
360143.45252510905
328994.1208534874
826141.5521820895
1011370.7235455103
410357.7921987809
1126989.6175172366
665753.3368094675
220959.5632854253
156949.55499950424
1234347.2552068457
924120.6049090251
83685.64561700448
93311.1834153831
103406.25964294747
50619.759883247316
629446.1854931265
380356.98796473816
998343.3587907143
474928.11438493803
272461.0739332102
211078.48541279137
667965.8486350663
147752.63688534498
145846.8361640647
244826.21673167497
416217.6423617825
165113.92960364372
416240.1714351289
484952.1325483434
90236.00015467405
412064.93562207744
674299.3053797893
32784.646323405206
367839.971041508
547203.7548175193
1057477.9864142947
478490.0486826822
183907.6815707907
1067163.7823962718
661084.9723506831
192482.13219629228
829981.0765642151
646900.8635088988
387511.9445850104
310933.86998343095
396029.2111422233
550590.8609080464
815965.7990777679
393540.3376297392
793641.4629020207
461488.8527923487
569223.0202758089
575998.524464339
207809.7232710682
173377.55533638597
637302.3972075954
1350268.277133286
939072.3669487946
1024367.6204118617
525689.1328647994
203333.88442264497
459136.1898469478
614664.7919029072
581078.0411397591
768989.7185157612
705814.9841224812
1472425.7949712723
235369.17030842975
364049.18744693324
776529.7489536442
229384.93948664144
373036.904668238
514273.1900962144
217727.46757292747
869841.0235405155
918529.5408289284
594166.3677159995
577983.6055534258
400587.87220709026
661607.7242546268
474172.73214131594
688323.4489599206
177740.1776881069
486695.52553282306
380234.88230922446
461227.73990495875
901684.7639492974
854971.0098314062
1491965.0309095904
391867.3488095291
959592.2712282836
692412.4008928128
601080.5129790381
231906.68315573782
297511.9298715256
769326.6944344752
398344.37025546655
708249.0424403474
691277.5528420433
1101338.8336273804
353095.00269151106
683070.9583407864
274789.12805388495
190583.419679109
266111.62566901743
709501.513355773
368160.5676564127
294609.98142654076
425511.8683612868
436428.69986221567
295807.1916428916
582605.6641468406
834889.8296994567
235759.85160030425
523320.18752481416
56390.36510418728
841365.3723788522
372427.94339326397
905342.6193108112
553741.9390410408
889366.7312738113
610812.3000605367
732080.4552723356
206167.4584877789
271954.25985762104
526331.0353829451
161940.20588208362
417489.2701365389
434726.07905275
451769.88839139417
881769.9442738891
220203.82701590657
795984.6840704642
507324.34095032886
542393.2052298561
529230.5869007669
875266.0891155079
446844.11331357807
500415.4964898713
631484.3490942866
548234.3282167576
601087.6683039851
519570.6296747625
817968.0337096341
354134.0654261112
261286.1152046509
390772.7977126688
399084.2258404456
402458.6408640444
336177.75277723745
855966.55042997
732080.2760722227
666656.4344283566
917214.2599379793
245091.70240417123
466930.81293825805
347988.7252268605
593348.0392940082
299458.9803543426
509796.0699068494
81420.72089690343
767715.2043665089
35801.848748449236
367466.43315660954
642366.2763951607
1285975.5868469737
519750.86601686105
419207.49702835083
516832.6266253032
426247.89239760116
391520.58107139915
166986.15781408548
541601.0009960011
575172.9986830205
391640.43930789456
576011.8070972338
1796519.6302816086
293418.5039856918
569234.7874107212
894034.4312168881
207420.8338530101
335429.37356742844
524345.7578919046
658253.9688432589
571294.2335804105
882766.7616012879
284638.260675516
1195757.0517750643
777039.3976391442
907916.3133102022
510055.15037412196
4011.7124233283103
374303.8737436831
251612.13692114875
636283.9502480179
785806.398872938
857968.2933810502
332840.9792563617
431538.89738365635
262546.150680732
949370.8012488782
412085.23670488223
452233.0497228168
516897.8826557137
511292.01871401817
482004.9601549953
342109.64157089964
318095.18591649085
334767.4555546604
356278.54134813696
405488.4929303974
435965.9925766848
594156.9799390584
644352.1384088732
441488.621752996
508680.1821664907
124094.59941451252
445095.92323761806
748027.3167377412
200533.80807656795
176549.46189472824
566927.6944737434
736581.895552218
349386.7216668986
993911.4616709203
640147.7499454767
773998.8659305945
500002.89897089824
183363.37600691617
226398.05819629133
802052.4257272221
575719.5540601239
633100.8877195343
359305.66268873215
410896.4595820084
270633.3265322633
945992.360171847
747248.3933294229
444478.98369270563
245321.1272726953
601006.6698421799
661875.0908642411
507864.0766710378
676348.5059591457
604947.7631433532
256059.62377414107
543227.4174456745
1534717.8402920514
264209.93139438704
107627.69960548729
85296.93394012749
420999.25832105055
259428.4582668878
859963.5495075621
107608.8337495476
837142.9782977737
55735.86911849305
497178.9426413253
520037.09997557476
707260.6691753305
463993.447556518
487000.8305867836
457312.967657391
846566.8576549552
599869.0708755068
620571.96388736
381627.92459959164
708909.9627057873
820243.13460356
416107.27039605007
419891.71716697887
211642.29236673936
598583.0623987839
390416.45143661276
442338.3235848136
760136.3083939552
249652.85840605572
198581.2069949694
367684.9427384585
506916.1439891942
482598.32579755783
894775.9788043909
202621.25879814848
289648.60237749293
492103.06093062833
516144.2452565953
303710.94722712785
500093.5455115475
657726.4063422009
409412.4637311548
393806.91421346366
480389.78387332335
463489.0643829368
266449.1912047528
685746.4366172664
107222.305643484
186676.2810952179
730495.0157517157
566661.8221561126
438853.4444229789
607677.2297413833
99830.5816305764
312474.951100979
670923.9007968754
1339593.8591908924
259963.18280691653
1042121.0379090272
378337.2055833824
2598003.6526517496
660640.9004552364
128226.06808960065
1642534.2872007042
913922.6255682334
1148356.9791824669
646817.8005006798
171124.17524750158
238537.0098006837
426342.26566886157
388295.29438474774
559622.1585205607
598017.3883774765
371860.7928090356
385142.3688431904
274352.20607163757
313429.53643066064
789625.4510678276
449173.4450310096
336131.14134354517
985875.3835743293
438040.8171775341
473080.91502644867
149884.41100161523
589550.7730151452
526969.6099326275
565323.0075729266
225525.68034125492
284597.7938800268
409822.3522417061
296204.6280687861
1663994.2718399316
512993.69405250624
701661.2614480555
202723.42691354454
120770.82740695402
830108.3969852515
460774.8179491125
391551.67617433146
926952.8732354678
440617.798079662
553208.2002189085
1170934.1339203455
582006.8658727594
91401.07166003436
981038.5438099019
302207.1765264571
204880.49924663827
310003.01308764145
528459.406538073
1013918.050894767
266483.01484077424
475102.63233990595
961885.3712865151
563490.9863216616
372856.304001119
657625.4477797821
1050064.8927093074
532524.3287047595
848987.0573960952
70900.68850305676
1162190.5689394586
176914.11445027962
873567.5292742401
570124.9837234505
110450.21831451729
384343.7249979712
311341.5720972754
638474.2063586786
379221.80765459687
552267.029726997
587172.4635220505
411362.0615270771
501568.548449941
383190.96560854465
344395.5097228475
486801.86731146276
353609.20324420184
336240.486470066
512387.0276199244
557852.5266775638
1639622.5015941672
339316.18552936614
394437.29807303846
295638.5148810409
313840.5343005806
454788.11138341203
291176.86485832185
457394.63451866433
298449.73837599903
631632.445764225
415455.9781227447
303778.4324998148
385350.3933783695
384200.6061072573
495795.4694791287
1696653.4920909517
155837.88072849065
643240.3704874963
221133.2153906785
597443.5439885966
158263.21019197255
628215.9415243976
870396.4921305589
435883.7598952763
1080203.9587203227
1344592.013843067
189860.39528153464
745280.3930383362
268759.58276250213
549095.0938634537
571865.7487850562
662093.8045504019
675153.5515451133
327688.43287364766
257754.19586486742
709913.740564391
502071.1131326407
425457.6871168949
283991.8435126543
339576.5462422073
245667.04973312467
666849.3486498073
596555.853682708
911464.7989422977
754555.683294028
690122.0595811121
549596.5389176942
461477.2476010658
312624.78689811006
481711.7909120992
470786.8776630685
589775.4835662022
-10640.637647975236
574571.3865316212
655212.1144503802
272188.39047421515
384851.36126645654
954928.8477104641
350753.458593294
323880.1046354994
418167.8596702963
759342.6250256486
277212.27150454
450306.5541693829
256091.33913656697
570737.9177513681
392969.9313735515
293564.63735514134
569262.75393999
205181.12553269416
800256.9372890182
425197.9259315543
-78958.30440969765
713322.9502134062
374671.00052946806
499577.6774921119
922033.8876647837
1293678.8450394645
249653.8407733962
100472.56760431826
691734.9417262301
483504.3705847636
485250.3800124414
212891.2338556312
172412.67382755503
312493.8794015646
623750.2058064975
522974.2377802357
320236.4559580721
1607648.7412301674
503897.3137179315
1052186.729263518
849196.7078507356
928575.3653003387
314701.50948690996
1313565.64076256
438143.4321204424
372519.40457231924
437045.26383029297
866452.5854103342
547209.9580665417
208210.58334792405
647064.6353859045
923627.3066799492
38989.147273700684
402543.49785207585
719530.527482152
766669.5475393385
362776.99373643845
268903.6241010614
275960.2717694491
511457.2831301652
34040.74872839078
566788.7272867374
424552.0931101702
639456.9337391444
289814.16668216884
763694.4975930266
904630.1430841982
135948.7279952988
714690.4530073814
1583730.1859489009
193157.67813228816
739110.5441010408
430347.76690720767
615528.3032405823
161822.84584937617
329845.96278716624
210203.81670551747
750234.4587175176
133357.36561782286
994451.5511702187
152007.60959465802
316024.30160883814
615706.6816517971
521823.86336322874
328998.3237230815
555645.2341455035
586312.8360310011
665215.4238934778
1018135.657806322
626356.820827648
588177.928896986
174378.979797747
223994.29196183756
254519.8607658781
228378.93308125436
610723.1600569561
397468.40962575004
360972.4575994201
774011.1453484632
443108.99218049645
535900.3937810883
990582.0389001444
443057.1126955487
524712.2675108276
588486.0134688951
503159.79105011746
767465.0564192086
639462.3797731586
386234.87128233537
259050.33819824085
477706.0179339871
510616.8091604188
792785.4997666627
387316.32190847024
1642366.3548031785
546645.5068136603
363186.4558352865
605682.0675838403
377857.1655522324
442574.15450355783
857735.380673863
376306.98851857707
810752.6258285157
377659.3006700501
441133.6006764434
317135.46370744705
738324.131963905
530851.6338874996
390381.8525998108
706084.7760909945
387436.2454784848
737792.7119247802
360092.6337318942
223270.83926676214
118587.44826982915
396638.50728580356
191153.64398324862
652886.172559835
486703.83606722206
372901.02602474764
172192.4437855743
435241.4707988873
472449.5162285045
707072.4466462806
166392.09139466658
798000.8123076297
408438.47473473474
533625.951719135
555928.8953872062
194497.80261602625
659884.9420208
1145704.3296124004
347914.89519866183
932204.6697344929
326240.0435521528
160395.83442164585
799558.4594332799
787085.1412973888
368858.0049834661
172377.285457436
431221.458551351
552504.7237907909
376991.25922992453
774526.4941525087
1013802.2262035534
399249.19258896634
459620.59486273676
2136185.9541766196
1174685.9236561283
436338.67803904787
1301322.546814803
240054.36351953074
790071.8931673542
474499.99413815886
1516608.2800856754
564272.4959542751
1880977.2645048313
1129343.830766324
208257.86150070652
400971.0946638286
324015.8067229688
366943.4197072983
325896.0807875544
372129.8068903908
577016.5804040767
432931.08402920887
234876.88261156902
303482.4787839018
190252.21946556494
222168.54346219078
660616.2358965129
678523.9648084193
409919.6818898581
449775.73690906167
1364495.9567313977
448286.21048814803
163968.13095825166
473326.1288390793
320896.30493626744
227330.72543450445
513942.5227278657
429308.65088671446
441751.41926022246
365528.2576416917
432178.2933678366
539665.853168223
781112.1107880734
507481.3710265383
844223.1369296312
582471.0970680676
668157.1162899546
537818.2970088087
327879.2359318547
349935.0874057971
345120.1370793618
290912.64419669285
843617.4441518374
548054.0265991986
412088.0305609405
243603.57879582793
654335.3621070422
391288.89606115967
371421.961800158
423530.9871797152
1090130.747126259
636761.1856454387
281116.1987914592
611515.8171245158
548606.5479187407
714849.5561806075
252704.35119064525
395818.668597281
419613.68781885505
169821.81087851524
1353433.2435725331
382523.6381448917
275918.6734153405
465659.6645005159
108839.18756405264
169527.96822103485
849332.1153550223
1064446.157496523
446524.017372068
992608.5837017931
395847.26201609895
519156.28193769976
327453.6481943242
425100.6985793002
919957.1810109913
1089237.7876255289
450580.79733041674
539157.0302176848
181970.1059067957
449685.8748650588
663775.9683803357
1401658.336056698
866272.1170708127
380333.4656964429
209318.0543787144
872128.8723632023
384536.96635075286
256807.08618608862
528053.3586578257
425321.00136261806
46367.201805859804
513981.7712687664
451363.7019491717
578498.372112412
848284.6390272416
529554.6493387818
2025449.6185525209
218192.32292488217
1099660.0737004317
466218.308501143
602536.7530067787
528268.9713025242
306205.9349988885
524765.3365615308
484402.9058564864
582979.3961522579
474294.03799055517
825107.214771457
389722.0043913126
340735.3296783455
760690.9862356298
762098.1314487942
560911.4675468728
878524.0191504993
361639.5547603145
180956.48830030859
707704.1872582249
87771.14298265427
755736.7783194259
214472.71082403883
327777.465931803
979304.9773032553
1754181.637134917
523116.76241256297
504047.7293925099
595658.6256169677
404955.97731088474
713357.6461698338
583528.7052430436
561165.5466259085
292427.323129043
716928.4224725999
230161.37858514115
434600.2838687897
439010.0648502931
609678.6873701774
485962.3273066282
420681.95707055554
310053.5265900679
237975.75621688738
654477.2351937629
318206.8715380989
264760.1565832235
441857.00515534356
911593.9117190167
238841.89861553907
201375.99715477973
301955.2085077092
497937.4412997104
455188.00314076245
249958.60187418386
905137.0113122761
571985.23013575
210056.4296722524
427286.76725726575
219797.19523055106
725789.1689123437
637022.540237274
201928.0991138108
593604.4528348111
1442401.7877192833
953240.5580654964
488861.4249155447
421298.0350882299
270364.553585846
306093.81873355806
445820.2704454176
650086.79630398
208917.2500330992
1212408.9921826571
254052.629656028
485836.026912041
821280.9962006547
-104515.7805166766
148639.68884253502
428612.8038881384
1380653.525998935
387558.3823005408
832138.4926653691
277834.08934888244
380820.33224640787
843279.5449693836
641014.6762411892
585879.7396497615
697039.911284171
158127.91621160507
868047.7770119458
1054132.4806547984
242696.09430775046
654716.297619544
242468.4834267497
258180.86320178583
203512.2411535643
307045.7962058149
1121934.9714378864
474291.1691546999
909430.4361996837
128200.80698380992
726001.6625390537
647611.8972363994
303324.262281809
1087113.786457058
906493.6725120433
1708624.0448461585
583991.8282265887
568354.8949917853
1421018.6010210812
360911.15857290477
1192917.7042555623
1030315.2105812468
603452.194533959
146791.78241141886
550477.0297518186
239545.20721143484
425605.3541354798
223548.56395858526
54809.08747487515
642114.2769131958
210995.16976453736
400799.37133456767
967126.4710399434
1440270.630544655
565637.7039810233
323738.96559640765
361290.218571838
565728.1046657972
1499828.065367084
196539.72559037432
832340.7030946463
649697.5875224359
189642.82605510205
790146.873051744
530672.6049520746
386223.8310179636
310123.6211973503
459150.8172813207
618527.0149975456
767575.3827148937
391769.72745552287
414122.53251003847
303742.11377492547
665460.4123291932
311371.60344616696
445461.4253137931
324709.75896432623
845605.1155158728
397590.92602633685
132964.69616758823
931460.7241692133
2005441.9182518534
269346.8156200722
458341.04028634727
613484.0594892763
356959.7017518021
1102958.3563671373
907826.4823661856
276701.411319755
416453.4005202539
144438.900072176
643413.5397669077
201698.53129873797
291794.73995729163
76165.8845541738
315998.4587223567
112127.74922830611
796724.0022141971
196056.25814484432
629597.5332806557
674034.2451297641
621385.5392895788
349488.37862208113
2224764.0390048176
126513.2534016259
377339.0682397187
364970.64861933887
114752.2782731168
1973303.7118411064
535399.6421429738
333688.64354325086
882309.705294244
283995.88814052567
444795.6933500469
509152.4841038063
463489.44908376783
630907.5885274783
654464.4926812835
580285.0182331391
606714.8780910559
729229.0308185928
737952.654517211
297309.8350042142
239488.48426861688
96078.51384817064
713933.6168021113
374600.52926399186
472154.1396523006
488187.91780348495
542156.6789029948
382305.4208842926
713735.3568359986
448035.39950732887
556449.9196521491
5618.390505857766
793247.7932641432
396563.33100457117
1558354.3029473238
1142753.0166953057
310653.7152428068
268770.73229452595
453980.26713700965
912214.3529167585
555600.0151108727
279037.2262912728
1086508.1298728883
808359.0566308014
657516.4563280456
370865.5064439811
632917.9510634094
299339.31992361695
595284.3216719627
612699.474436108
195030.68314722553
164849.0170665197
1015482.6141584404
362339.0390797779
497319.20058232546
417341.73041338474
570675.46903513
561759.0207671933
1317100.3296536207
761345.2645851783
170207.89387341216
440867.9960811548
650788.983916387
373307.95243629813
468612.48851306736
576933.819039464
936077.962038178
565574.2518264167
309595.93422843143
333567.7673935704
575579.6684837006
815538.2074176185
99514.81945749745
547342.8827654347
501215.5868246332
745190.1740434505
293709.8306141384
783642.3885619529
953629.1914224736
2055172.9500579163
455882.71083975583
197061.44126857445
524838.624296613
487493.4258558266
364788.8179545179
565787.9327256866
735661.7802734934
75306.28138877824
96787.66452417895
112326.94075391069
645188.6374492049
899787.9608476125
465740.88357866183
669840.2283275276
147647.4374904409
300192.8894447647
728284.4065669775
446730.25367811695
755331.7235704623
262110.08611865714
329175.8868829049
243935.2335741818
109843.61231314391
469927.84925136715
405621.68927833065
468291.43678593263
674594.3007593602
231068.61436356604
533650.8797298782
286404.55073768646
214284.49135666713
1069118.9250356369
726454.005365897
269355.1130688563
444895.2324453443
623264.5884631723
475567.2313816771
1622628.302385576
134727.33468522504
663693.4627105184
994794.660967607
357298.8754012026
702093.820029784
92770.89033531398
497592.119397372
412264.1526706219
835499.5105470829
446532.6500859037
253365.83358791098
1393859.7522267662
1261054.8006770462
407288.74444732815
541453.663169831
162409.55782053992
298363.4415467903
493772.636996869
496853.32208455727
503308.15543292835
472374.63572694734
359165.64446381107
480365.0190902427
465575.6362524554
627122.4345765933
239422.51323566213
582625.7411142476
452576.24219435826
584694.8526063934
683479.700936161
602685.7283052541
1181573.736232359
221363.42978319153
1331709.4536545388
400878.34867991507
617128.1128551774
1351840.9873064756
780855.910783831
588333.767009709
578130.7871217318
66276.88531319797
722248.8831888326
108736.86485486478
608445.7232005186
404744.5624319352
527134.466421213
745298.0748634003
419047.02455955
892023.9602565803
355891.18931839615
446224.4468502663
218146.606330283
519247.10877313465
378609.88435990736
525891.7739998735
470141.79019550607
781440.221914243
576396.171804294
350814.7846467681
199682.84881547093
916252.7421180233
643232.4798511676
214916.5900807567
587997.980433289
649245.7316687182
478314.1329979226
706709.3582531549
377450.1521082334
447922.2414637096
244671.62218105793
393918.91721148416
735293.5181993656
547488.1666344851
360803.29923780635
578059.2858995348
929789.3391383775
242099.35348688439
430924.0232340917
544982.7281804495
277622.2832201235
1254484.2984956615
556827.5619914494
268489.69049679115
354669.9344754666
306295.51460390165
689852.5106995665
195946.39423955232
484569.75593322515
528257.9205425009
415476.16271881387
433900.7275686376
695176.1772532947
403586.58854428306
672547.1267051324
405275.12806578353
428975.7159776613
223423.93612179905
595929.4930481091
212401.55280032754
818264.0026317537
559335.7457594424
773468.006482806
417028.123665452
361594.841014456
409759.0022482835
749569.9973269068
848139.1208511926
410273.68010921404
423566.8454492204
437535.613717597
293552.4964315221
324072.49432881176
312666.11536422744
775994.9312932193
559416.5186283886
257933.41364627331
169670.1474545896
287328.02253403515
247977.8226129189
463107.7375333309
1303089.9331222512
1031721.771375291
62525.03168218583
839020.5337177739
357911.41562067345
275113.90320147574
657054.8445315659
1509717.8033459894
53094.46694102883
488752.79004814476
258820.95575581864
690022.0124137327
166158.2189772129
97693.06087875739
284766.46617016196
753977.794018209
1056252.8996868953
356217.90780396014
464842.10453112423
492537.42387266085
242957.559661258
462264.3968311474
425986.264582444
278497.38963159174
296379.14395433664
624798.246552106
491978.7734166905
236180.95131934434
451502.2285702117
814766.322545372
193417.65425821766
715855.4132426269
250921.8512535803
1049619.1307484135
166966.5399198979
613525.8426544406
142770.3341648616
729347.7813293189
405522.9547109306
741864.4074644633
774306.9872670285
742151.8434642255
778962.4142630659
726978.2065256126
535956.770636268
774007.9344245158
529643.4347760491
292175.04388684407
313773.8116295412
759632.4202987589
465289.5839985907
542215.763673842
628123.5618875064
1820137.195825059
596561.006466493
1337413.3501202501
303825.8625744954
196024.07170594856
244305.36894080788
522738.18774134666
986352.0591730922
1200636.4945150614
486312.8366959542
164464.360385634
908034.7633795701
460943.5358671285
389722.76828348264
1259346.9163188115
678806.8305218816
420668.03978373855
563443.0900462344
182636.59094975144
736267.9120044112
347997.60782427713
658183.391092889
595671.7080058306
1765152.138517052
1021688.389428895
2238890.3162305057
786850.6719155163
493630.79378297925
520771.55380759016
294568.37541747093
551111.6282048672
338000.40188976005
600278.4076128528
325854.52153525874
703442.3675000519
478415.6107221395
378366.9053346105
502374.33468920365
1007754.2814644836
537269.3413661569
248172.07886042818
414017.09616521
587912.3656318709
30245.875352457166
457068.65474000946
594497.5877810456
845282.623358041
565656.5427700765
151526.00036666542
559626.0690316483
606899.9060433805
521476.692672085
506508.8765992038
416961.107704211
634658.5016210824
573143.3260191679
489727.42655820027
624455.7936966158
771491.4503927305
748346.2026989944
1766649.970120106
744037.3161145821
432508.50193669274
802463.2068972327
763598.9588138573
552262.0401988216
360701.91684034094
323646.3078988753
658524.6427923702
106847.62748827785
523379.25059683993
276243.66480699927
494866.67424767464
217478.7857065089
385985.4047460593
561874.8362893723
860809.5873575062
616857.1100150272
420500.5445244126
283837.5748981163
1374013.167609956
782496.8094551563
951393.7926113792
650656.3884800822
347447.225959152
480802.03168121725
487134.35128089413
363301.37536783144
190851.26922249421
460108.6061311364
205890.01167470962
243710.95011667162
757941.1575960666
901423.4197851382
709290.1636848971
444692.4532626942
683256.2671313696
193810.7434927337
1144346.064059116
731859.5773641951
895646.2475489005
371485.798498895
613437.2862313017
92055.58072737232
331685.34416214377
343216.1573616937
362451.7654234655
1759309.3603252172
1134992.8348836973
255129.74171040952
322394.42487182096
694186.6159079149
131680.8283567652
508918.91504693404
1490709.8482897952
307681.79847915843
607256.447706651
372672.1036040336
537398.2421215326
676606.9225410447
318830.40947880223
418653.64760904387
1447178.9215575792
427563.2458570339
1891862.1740430146
646962.5304183215
466595.8288099244
270947.6900709681
910955.4072280899
189323.49887895212
260983.52729732543
624149.8806455731
358924.85015108436
407774.0393121727
486531.1986115165
483038.7823046297
594765.0130876936
262413.2799719982
522615.46185740456
630683.7836629935
100851.74612430483
272467.9716578685
775819.8257760815
855775.6449347772
2028719.7840070724
107858.40306887776
1729563.5066996254
131317.23116272688
636858.040998932
167063.40723992884
617668.2072751522
589415.2015739977
486280.8075835183
489999.0624778904
505677.998404298
874969.1740480773
826870.4843063802
434921.56160347536
862625.3238866404
452834.89417887107
458335.8410011828
729948.6372704841
433884.80296041816
446286.43266882375
530103.1194443479
203077.63734722883
250471.58178719133
477713.0697024055
408615.3561036922
250295.78891629353
350191.7598418258
-39229.43311416358
353075.15494041145
1027041.5488273948
76735.09400416538
722080.139545545
261375.9712736532
509376.3710690364
224904.21886549518
326930.1261070296
933532.345740065
439768.1289575547
282320.5045260303
603946.9878386259
288238.3040080108
328035.09324043244
250286.68305591866
1035682.3230363242
323147.5487539582
808262.3600443751
578225.8186379522
405835.0768901706
306850.8223018795
638249.7452535741
456448.9791595787
321246.7948762588
783397.7283905856
248658.1232866645
486005.879105445
324746.94688145816
961551.1461801305
652234.5943185054
560500.3639023453
872884.8366176449
473735.5401855558
598812.0877195895
883339.5596002154
1481628.0186480135
661837.1891271062
537422.0598443039
532189.5560807772
662624.5011411086
963018.9669500552
173899.40370658785
552179.9657467417
224949.3250409551
889163.7918760478
428646.58007548377
82407.74336172268
361451.239881061
205465.22920734063
347799.97350572795
651531.0707538277
1368868.614214953
1399740.765934132
456076.473012954
233642.61125444248
139379.88286743686
454455.49605591595
151577.14669589326
168410.6144500263
530244.7401542105
523150.90191176534
1009478.6487787254
755182.8895523287
429581.4679934159
409195.1148381755
350670.4123050049
503795.5199449286
570222.8918860666
467471.0340187438
287464.0958189666
1022380.2641112842
493906.1371784955
766211.1040447615
465676.1877124235
682710.8357671164
667930.2218800783
550605.4241597988
1903350.614283435
100947.20257335529
221993.77083674446
384644.74406082183
343568.38989408687
655558.5351403616
603503.6702162698
842163.0140238516
465655.6826138161
707334.9441975765
913068.054764498
314517.8378898464
659169.8041301183
539768.0610775612
767828.9642926455
498577.4250299819
702738.9644922875
304567.1999755986
568832.6661141701
301571.7439416759
271398.15310359
253372.30396473408
917392.0768080056
187650.90733784065
802358.2098444812
612328.8300141618
775615.3014630377
376994.4659741558
354679.0485779904
988757.4300132655
416215.023990836
281236.7413779311
1041977.6192358397
789584.8909620494
191479.13861345872
329231.0590226613
1088206.1206532456
67046.63025085256
1177077.397888571
536406.072059866
444435.21691238135
406419.76104876027
176772.89502593875
243399.80035611615
494344.23413202167
308016.0636330284
632527.0045103617
623099.9404984936
273818.048524905
465555.9764929302
555373.6942870356
1271140.662545871
279309.6406692043
181246.06783512607
531892.0062569417
580843.0425176471
553472.2577451319
370379.9749930985
116832.71143893898
-36684.57643091306
331204.0136147328
841247.8085671179
386359.37659638
848410.5753459595
557119.3213685378
540865.7288771793
873443.0266256481
372923.5416351631
566922.9297287725
546997.7971523814
190404.94125133008
993977.5605565384
280646.91999118775
240409.0592095144
1197574.459162403
131558.38667988032
543762.0466084443
236153.14442292228
674813.9047490209
387442.6031070575
761760.1170380972
134478.0191361569
845863.8283168189
373816.29364364967
715709.2090533823
943886.465598356
498166.2959036492
1087430.418401096
423489.9082353711
507796.00124529377
451692.9380725175
1366092.7464320846
548948.9972887412
665632.2257113121
184670.78012030572
427235.0053743236
383286.2641972117
779735.981184762
156273.0291649364
454659.79861435294
821960.2375442274
298401.44336196035
649331.8028022088
418810.5187383108
101170.68399191275
101829.06546965614
834428.9793004431
506644.8132427074
375070.7401467338
248192.28931009024
712318.4259530939
405798.6129588261
385866.5707401745
996952.2892591506
208844.86490689218
884924.4675234109
881403.3072630614
271510.7883870788
240207.52643863484
122187.07573824003
252315.38267747313
349252.60608714074
422465.3895919956
455133.3679578416
235121.6111050956
806236.399044279
596251.2163350582
273228.042108573
886668.935124401
379636.36044123396
463666.56791973487
2567893.527045153
1093020.9945397787
464211.5199125409
309103.18287053704
607680.8864634559
703460.3706260063
577369.502225291
205088.27623058483
1014003.354520835
492130.13143420964
775801.7989736162
154171.099185694
499921.05909141526
591814.090699181
527148.7904931791
497483.9430793077
233990.41911249235
347899.9474252835
564809.6150971539
106902.06569051743
425541.20585003495
316091.6551947072
544613.4296861216
462199.05096314475
904346.1010172442
56684.26862711087
129437.13899422064
358376.0981897302
691010.2473441549
734287.4213273749
867997.2473008968
535156.5931357592
449933.77738911286
708891.3422477804
300495.5504313335
483500.9571476169
813963.5727345087
391631.83558036014
377691.74118767306
185110.07923618704
902834.1250352897
468707.92681187764
866503.2557097636
393638.25928865373
218883.12475043908
279944.70044785365
1073432.692071598
268879.2231260054
976378.9593960978
642642.3078898042
795765.9416233376
472984.15630720556
461799.9121364914
1030929.5281218849
1017160.414238546
901674.1163490489
427308.57559582964
818649.2854791805
629159.6184056178
344809.84253525734
261956.73844087124
310560.97287948057
346245.89349785075
317877.99799199775
474788.83161404356
1075390.5857654773
713051.2226623148
1866400.6171623394
601942.358663667
300798.32953555137
560673.2870164067
471136.87826583534
696849.4360006936
92624.71614464
692421.4980233088
259021.26954930276
130492.00587414578
156278.2487191297
1254891.1943047084
252164.84090540558
175626.33910894766
457018.7566597052
228894.81308367103
1329341.6864891946
154067.5496752672
690049.1745440587
275332.8675149828
713605.2940032519
2213642.6283735335
416736.1027126983
227645.57336414978
512280.5850154236
468339.22186893225
693235.8318923563
618278.5709767863
611156.4276499748
743309.8999140151
556329.786499273
374843.0231143497
213339.26248192787
293018.7747228481
71254.63805552572
210494.1706627831
494716.28835809603
188248.30573817343
765757.9924012572
756281.6884586401
1185383.625400316
663954.6954581738
586521.6464813612
877439.8795256279
130191.84588695318
1109076.110488724
280544.9734658748
1343129.0477871746
422621.7651698254
405227.6892645471
346199.9488034211
243157.27077674493
662464.6065602563
625594.6289220303
681560.1213076971
1191334.4360439964
503289.84952222556
1451326.6745401286
611013.4053307287
761761.3047172688
650857.706188295
1225489.7061163709
274077.52884643525
466637.62599729374
140352.20225360617
600688.8410535567
832419.0907036401
296187.23560245335
497217.22097376734
279023.82344359905
106275.26019807532
769323.3407209069
284893.43713780865
163433.84687830135
577250.1396620274
360874.41812995076
678804.7309744544
539429.4243281707
237756.20917494223
174516.10159644485
1007039.6347818039
859430.6051522195
974011.1576504186
721325.2518086359
190906.77139448002
334956.82529353723
270624.2278878726
677520.259654995
330235.5394107811
162681.71652361378
477840.5818795897
498331.44668340683
219555.1677017808
517686.94418505207
258201.9159859456
594198.6394702084
398166.64231443405
233847.72801471502
353027.02694189176
242339.15155170858
597755.8428891003
176456.93900301307
343052.9619320184
293854.00740317255
811818.9970802367
1056140.6552040242
695477.2485643886
831629.867931325
1286731.1422227398
1187048.5526756905
858591.116211582
177688.28477795422
991974.1779448278
709642.506561961
203452.58189604804
767722.7600753531
410368.18945353106
214670.27399206534
409637.6775133945
1429258.2419228368
459976.6027381867
496835.3694295287
737640.2650720701
681092.0117430165
698190.232787542
1144053.366999507
791140.4456127249
477547.0095582232
544697.6559423544
46133.409291323274
849734.8284610622
90418.81123092398
489976.2380866073
419677.23578274995
763966.0896529108
145256.21253409237
2161843.2254522517
539837.6749017574
571077.3876442201
328810.7001399994
506650.91870157793
548753.0398515835
1361463.6210702285
316775.6385280639
480815.49819022417
503100.3782132976
443290.5236546546
824780.9433560073
405568.7480067834
163579.67726042122
837755.2838660106
623022.9345439859
271848.10728920624
477655.7379265055
709588.3632522486
266723.3490179442
262257.2305976823
225157.56572825462
540750.2010752372
370177.78708513454
664515.9335086532
471211.7423472032
155242.0472334996
288812.45717770234
608534.250965327
264639.0687036775
781825.1305841394
447050.086427927
672753.8474633619
-25044.970275919884
301083.68974340335
468772.6228502467
852968.932802774
474031.4800892547
837788.4789231382
640219.9115756564
437763.0094000958
177973.87829798833
377533.2695537582
525809.0586750209
750454.7718271725
702240.8809184097
469923.4037417695
634328.0281061381
458200.8023667075
263883.7759063579
159802.562996462
887644.3514176458
896073.4162707515
584986.726403892
310069.5053313337
244191.8387124203
714755.1616662033
505217.0053349994
144132.6945098862
560583.8146702833
172370.3597973138
482274.4729804471
215753.164634794
509974.2563022524
492610.38321223855
146727.0053334497
228434.1124555245
562059.4517415464
788284.1606736965
621247.4748417698
711418.095329836
349412.36709432304
397227.1058658697
177220.72837025672
778344.8491218425
298488.81276912615
553189.6742073335
50872.03848271072
704337.0617763884
518384.75237980485
566975.1887113117
552623.6468200907
1265572.9111430496
878663.435766723
504696.25623831153
606240.6876243204
205461.56482052803
444672.7281479053
720101.9889936149
376526.66649127007
460616.11820784584
698893.2232243381
711860.983873751
801269.6450569183
531150.7388706952
1419597.6611408554
252481.60487414896
211100.22165963426
514045.91040414944
974254.8023031764
205612.89322403818
-242459.0741162598
367578.5767953545
1048413.8213014565
635631.7914169542
322469.2603149414
303687.0967835784
335112.0832979642
424145.3595992774
292207.93690698966
900528.2568846494
383511.1969759241
662226.9858520068
488634.15452229977
716747.2274823971
1068980.7027856484
632728.3680923246
979264.0407623425
652613.6773165204
192198.43010102957
1275900.2992459983
94273.39413695037
331500.1829314977
553463.1126818024
300825.19938151166
196615.9412588291
266937.9420568459
177820.011426799
985713.939906776
818400.4001206793
429216.83444685116
151195.76767105237
444473.686284665
1144901.4088889435
425466.3049995601
298355.1987571418
463970.9997217506
183794.9940454811
602914.1459441595
503936.75645039976
354982.3568214886
906211.9778938256
408841.445203986
301601.8177379258
285415.2803191133
421896.6135801561
379487.5486821942
236318.1722794734
446054.4084946662
399145.22248363495
324644.6578405462
462788.95921705663
273944.41537102684
532909.3582468294
572870.2329258099
535336.3760382906
512618.4010339491
1201297.2963616177
638491.4349047989
238297.3324540481
418358.5968129039
219787.97566816956
748195.4890955836
345046.6603413299
151500.86513304338
400375.71636877954
523571.1369740553
511126.3549922481
519257.32906642184
440304.003890913
451607.54185526073
339232.34220157936
324424.6299945265
171861.74854037538
630337.6953349933
1132573.5273685083
1111859.6890719943
658049.443832051
1696784.7006614283
379435.90955258906
1390822.7124321274
154205.1324789673
412976.9907606542
1087362.3601646386
484289.97663932666
478052.1728543341
638339.2840248533
333197.22151624784
259357.99234015867
661046.8709317334
146417.5544411689
803087.6048689149
391699.1296825856
445376.7073854506
214532.89272867516
481429.80967095867
932949.5795283057
261854.98068141937
441522.5733445622
531144.4504135363
208666.4967348762
526348.3658123426
541490.980153691
1255026.5438864455
462689.49212540314
905779.6037765034
394837.2036043145
963282.9416338578
408415.1493172236
706337.4535047114
275111.7944035679
1451946.3951756507
166684.6271564588
1352096.4561962634
417531.10383141786
471262.33438940346
163022.7816572562
702297.6115158461
1229743.200541202
513927.6944993958
475953.85207898915
411353.9787852317
502582.838135805
205300.75999839976
665657.5788666867
756309.222692132
314716.0971573852
135002.5832549967
594250.511649698
792571.0964859575
296354.2228798419
293342.94485303387
928561.351815708
606927.2953454405
401356.5240840316
765755.1426369399
817138.900706917
265546.8528678417
187060.3088363111
233424.18630544096
494694.71506531164
137378.92777373642
195540.83687618747
797076.5739884488
333010.1556804031
381503.877172146
-47229.38010048494
473733.9474180676
493407.6981688626
1569080.2082297057
247380.06681634486
572972.1953086704
204778.6476802118
568740.5939667709
435214.8276433088
386905.4266341664
756202.0031183697
412130.56456663087
443745.7612661347
781693.814804636
621581.6554270312
711343.0157270133
1168762.4115774594
610449.2591310926
367963.5333111957
217308.62450663745
417974.2291761562
457449.574410785
973552.582640782
1046407.9650938362
168706.95446547866
1366172.487804614
274726.7032779418
715864.2063572556
826473.9228452742
1110975.7652654499
410480.63439942524
433051.9651954733
555362.5225330703
743139.2543539032
288530.5375565365
489189.17572379485
401431.32499784604
370275.83068244904
1000521.0478389449
508717.6566258222
357895.76086933166
771482.1227333471
482414.194673907
333938.934398029
652798.0715493783
455396.2648400292
832836.665639706
441144.78208099306
368207.53153555095
343400.8831182234
1050446.5394544192
343500.77555589005
1429593.5531982891
165451.2196597308
491321.1938516386
331754.8845327534
345553.5252776556
320451.3261136487
358994.27535109594
444135.68282484263
547937.798024483
764862.8460277244
535720.3605843931
410654.14306873083
354183.86649697274
371917.4549060762
515207.6152441092
366499.6052089855
330505.4696565196
323973.31916943565
1040313.4430254698
537627.8978056274
329943.8483033404
995989.2048585899
845335.1501293518
664441.419614505
409217.44940721616
405301.54537536576
393857.39540375024
407365.20529787615
889927.6144258194
454965.2547738254
596191.3887822106
381918.7401648164
1654890.4608370438
697272.9433610924
450674.4838764593
969107.7416540459
988119.3316588365
912971.4751743525
510024.73545961827
392299.5849615969
365421.6798584871
517145.5090351626
211404.26793284714
257983.39581519738
559049.7612313144
338248.2392609827
197186.88370092213
302080.15001147985
290913.28388182074
580275.5926996209
585512.1866619065
485199.067506697
580960.2363049053
423184.2485026419
363270.8086776361
582496.0869808346
391200.28165465966
853029.1386241801
773285.8879865818
1613621.1803103052
809970.8973424211
924025.3028143309
525337.6698552743
211355.05618376285
460622.23762654886
468401.9986877851
533215.2739409618
439990.0241810195
432515.6110269278
546972.501935292
540910.2056747526
400027.74050569534
620264.5466900915
748320.6135958061
343760.7834601924
856827.677600082
952178.6483060718
794151.0200187378
301189.3338666335
552315.3556343429
891519.4935183041
283706.9683363959
808518.0749916323
116776.77264779061
611394.2468437366
66480.07821709663
551193.279756818
1207092.3890922032
377465.8033953123
361224.74497393146
503532.44198416173
571366.807028491
512669.8882943094
253128.67247636244
1053025.0579910204
671002.5477420986
332136.01281025633
938970.2820482478
542255.5708053745
694758.9083340503
383075.4994607344
327970.0766229592
898970.1967461146
622560.7485494837
851350.2045031451
246117.53417779505
459062.36283826455
429869.1875367202
339310.7195825279
1348200.1139224023
1043691.1450630985
283872.1626786068
682233.1002928056
226245.4000622034
518742.88211263344
1362680.2646129057
367061.4674745798
667585.9275065288
847935.0735094659
357008.05819763243
204959.10079521313
571746.0593870506
870272.2562992573
542404.2820101716
443755.6504219547
281478.9353380129
807794.41237491
483953.2759123184
1906635.3167792633
475967.15186819807
748207.1521028802
608429.6721738018
682127.1563057713
454812.31022016704
531658.9521442503
542966.4412229285
360766.13259081915
186994.63156492636
465579.14180837944
259333.88202068955
607991.4800758399
1063671.653210096
782022.1798309907
476599.04894345626
770635.402473338
475487.56289482117
372860.05677579343
436981.4178122245
249415.71481669322
413798.00614221394
464703.87214753404
393139.1205566712
416436.5586908944
650954.7027916424
1030411.5798964575
342895.249100551
491890.37761071324
725951.4195450768
447755.2045748159
459385.5307104811
938635.6323443428
677086.4989612252
986109.245390486
349688.1706266776
375640.20823892206
1263669.0085717216
295932.25079016015
849369.1737129092
448754.48375186697
449308.56880227476
933642.0291147381
291933.6039492674
390063.87125849724
471799.72269964963
1806843.6751555502
643436.5153913945
1210160.0476232916
323293.62283300236
522797.72103483975
558903.4870224781
566640.9206976108
541697.5388155952
943283.3770857975
503765.5583102666
841162.5546184368
317491.51434229687
699169.4018923566
372128.2804024853
1017375.1170038767
461348.356836047
501377.3659915738
249143.5951704085
404059.9108992852
499427.80924296007
410266.6824831702
757387.0728881508
442436.64838431776
343299.76578619704
626429.3079381511
1307046.0427251644
655713.0128799453
636600.0471000075
528882.051877711
504141.3356288709
270423.9625463635
310261.53210439533
489126.69961666316
1109432.786173433
623000.129662592
1989163.540938504
990826.1978054605
268765.739227701
343721.07692313567
534661.5496871471
590323.8073233105
346671.28848874196
648065.5442825444
452418.31292629987
240191.42041639984
834431.8172755651
602945.4951498583
583646.1888665818
634311.0972758047
484739.6125710383
322822.8291124664
371413.2697022334
424213.5721146576
1089026.5401427075
492397.3568495773
424362.26537846774
1085950.6417781077
182163.85719520226
925301.0214811601
525311.7386539243
520663.9821365997
324379.86506915465
354233.99445666745
897668.4949633777
794223.3788845129
593011.7373170853
398394.93574681133
574815.0370390005
185573.33686440438
564662.768067304
293295.8611481488
378289.14715814963
1254237.5901814252
840822.4099008143
522163.5264315419
391807.10210164636
540052.6762114912
219878.75057198107
479936.82483767346
590645.4259863421
471304.2670811862
583222.365985211
540373.2659658343
592658.492364414
943638.0338916369
953479.898579102
530510.6443245038
344226.973901771
598197.974287089
781987.4671432562
450654.4793027453
383452.8396621905
425509.6826212257
743143.0847524703
693880.7518557161
337853.2773864195
402836.9777017832
428955.57193022594
355714.96122286096
535758.6664383113
505037.29317821935
326862.384384647
302625.7713695578
424929.10506795347
441689.77401392907
1575007.0737820454
412084.13206553087
537021.1283821501
397981.3384279385
676360.1975949928
346241.8691866435
379074.3780779168
496657.80599371716
528420.6462963186
581740.264669586
341264.72802164033
297318.4227052815
594282.8223348446
448275.73828902096
477593.2440743819
344801.1704271175
598866.3655448221
653343.4049705416
791218.6181938723
448714.8918297067
838574.1916624755
443317.5093371272
858913.8872851208
375746.47329193726
458784.36332496256
149644.82531681657
897634.0006478541
641956.9843022972
1520454.6436882652
793580.1160081439
1004862.201877486
672645.3449242301
271368.33085819334
1541118.4188706055
370181.4995067492
852851.2116071209
703791.0887317471
243041.0629958734
291109.53398030624
587670.796277944
730278.9972591214
969264.4618203789
587958.4094062187
1319197.7392610498
532585.4439084195
1443559.843973484
520473.2101212144
240720.52886185795
488931.1484555304
1044940.017215129
361603.47163943946
434882.27493377775
513860.67080662027
975862.4704052843
784030.0603962615
476388.7726669237
1659960.083646495
284880.5150242895
848716.1757728383
1203388.5837969258
830590.8912289813
853810.9563534223
598272.2666566744
451825.4020648934
522620.11533438787
416759.2916627899
193658.7469326444
371897.21767677367
347379.5953183137
188843.42382030934
442296.4846199937
774731.2971289195
472848.96969675645
486713.78377773985
394570.4062361121
371552.6273564957
722502.8009584397
1527154.699743662
425176.2352382578
697781.5559785254
828886.3842221722
553796.8046768568
1468471.0859066583
353329.9343867898
468833.87868984416
341709.22200461477
585765.3572342917
252963.14688642323
651319.7282106578
422061.0077281296
439040.82102104276
881951.0877953917
756238.2696719766
447238.6630370952
419912.0297293402
161674.4800871946
549171.9970299378
1193620.7963501029
420392.36758469045
653068.4332213253
900031.158103466
506578.15192797035
371765.7906532921
479438.95312603563
696848.1062543765
631684.1636465453
476099.74365729094
611896.5424377732
412352.31520551443
664383.683215104
604746.2953939363
857287.3973772787
450329.43248540536
681277.3993638121
810537.1734531112
432925.803937763
401870.8104092628
274704.7019082792
494441.67279009894
852943.1409219839
833416.0315806754
775994.0358351506
511773.3509999104
221223.37010351568
303592.4309632778
467204.79435371235
480469.25497830287
315456.3556986302
514080.5910997577
422709.940699134
287092.1157823019
525912.0917759575
433450.0644832216
597696.1108727604
652146.6369838193
368317.52651291713
533961.6849573702
487051.3498289883
706665.5409734584
853459.42224814
509325.1092914343
1295070.030566506
493199.8411583081
586195.4281341061
1249437.8548575193
520448.3429543413
752853.596504569
441957.45744673535
303876.5018043183
923673.8481160142
458072.77001908794
431966.54371990636
663487.5901309028
655697.0726034679
541716.4953829646
408538.7312526591
849622.5941263735
1049332.048766598
631444.7970350608
883583.7048156299
397934.67803190276
520226.9826115817
644594.802343417
418952.76659585163
1734604.0255488455
503109.57345720753
667083.3309071437
260577.31047209725
2111720.8538544253
488281.1166018471
1035816.9292898849
334906.73354891315
258795.38578113914
640354.8544156849
666862.8461006805
518540.4609299451
769363.5012282841
489827.9058289416
601991.5499835536
350851.0510157123
955040.5083385073
407804.3231966533
489780.6434771493
302313.2011213489
423389.52208514884
343442.45855282247
601667.0660662912
591039.4464132376
479751.9816352837
542712.2170742415
211382.04591941088
448074.1974715516
626083.9563939944
749325.2401675396
487741.66263772175
474678.56941242144
458284.2788804509
948846.2343762778
921669.9385571852
489442.2713714428
723601.8601318821
749930.0003289692
372544.07940810546
827340.8541720621
600152.0550112873
432353.22131809965
503341.44198796526
247831.8273014836
1172346.04371595
568899.2331070006
499049.9129418731
261434.58384800702
652305.2195086516
772908.5707883872
583025.4012705348
892433.4650489949
1119470.1995219216
347289.81924532726
354454.7055577636
430579.9384368025
706207.0335716754
536822.2445807755
624430.8380369544
242004.25891309604
1331966.9276505448
362479.0300536752
1562444.137886703
452272.1362951584
506188.69144494087
746392.7320315838
178291.96680871397
373403.9507907629
307393.2925803922
1016550.6800049581
339906.58971329033
402906.23095192015
396975.81270170957
756272.0430975258
989910.6979501508
411425.4269245118
1573378.0239662416
502485.69645756856
708074.8182452433
593916.5905259885
620016.0552619621
443025.6219321713
1000013.731335789
485290.87904537097
583096.56427861
238473.40261425823
676935.8050854467
564241.8671537712
638937.8967933841
669457.8946906738
472626.10534996167
230341.0503918305
1302759.814650923
447876.7097620778
503360.639223516
464222.2470788397
530179.0457098819
867458.5622554831
272510.90970638394
656038.7075494267
395351.9868624322
690744.3178857192
389802.04382291436
620264.0976824053
926469.820018243
936071.180677034
879900.9014962614
441407.4638705775
710223.2371932603
574515.613114208
673752.805777818
989748.4360040762
754059.0969284587
830100.7727318555
592480.560615968
411756.3592152186
438122.90131443366
717205.0041881613
668906.7661912292
335717.743828889
256364.70427439362
392532.0942637585
623820.7297862768
486352.4331406094
888281.6986565366
357514.83767921105
485552.23480116203
515542.62136894464
123825.05493130907
440515.59622127935
522624.9639995992
644762.2209474295
1551448.8675909974
966044.2942041121
528482.375686422
417606.09938091785
512202.1244432926
615035.4831012078
557016.3214755468
479997.0050916001
608971.6074785851
1932047.225548353
713722.8538400717
851585.2662623636
679771.9663911536
742420.6552422568
788042.658718694
898515.8458490632
238786.32057128847
705452.555603087
434443.0510158166
253363.59570286423
1232919.2165432274
694468.2251951322
511928.2572466284
1455684.242710676
560914.5333435126
364809.7762409374
830370.8767428435
969128.736172989
847861.5716543607
531338.5618074909
350010.54903584346
518813.03026324883
315369.06681025773
1069533.9612524956
626544.6374405324
286247.9277914949
377817.4520188868
750191.8258480504
658844.9295262545
610728.8814233914
645398.4492084831
509228.6635344662
531284.5594048575
1298545.6621200964
478378.40013417974
284390.14888815954
647832.9480726644
370678.2654536627
551289.2653004788
346449.3266723491
265704.85337023064
1028092.1598144397
256231.36276293918
314750.37721868977
826436.5709299818
305185.96554542705
843297.4454535991
539547.6554537676
211721.1983962506
486136.9888329841
262244.98032232
472021.50523647293
342413.03032734245
274517.4382609129
486090.87516997755
249356.24610570446
988242.590955969
208397.95202416927
410386.2625546232
290446.012213178
254181.6992729567
2018845.2630102187
1233798.4840962775
246828.9756169282
332281.77124672756
382739.5210676156
421843.42079051584
602382.2516844384
715492.9474876337
530285.0406387113
457254.61425774917
811173.229085736
710481.2630369067
566186.8475811332
478628.13452313095
822461.244358521
403384.2758717537
471797.0819301866
476167.1547394693
304066.98028218
158330.90965191275
536631.2602006234
690901.6272024252
522376.5190361999
469410.0786790401
350256.59556503966
404721.1073558554
127820.87780970708
1179823.6345975958
587422.3859501183
311788.27546310425
1933713.2579377182
1529006.5292436518
543670.6532577351
408109.6100408286
365343.8699456379
440102.29334802553
553430.3181199506
524803.1466086097
305884.14954048395
356020.0396225825
415458.0868211277
352178.9161233753
513369.4635891393
362690.1820722446
368846.6508107111
1236160.7123772837
861937.0182818621
1143203.3994181678
719663.556840945
925452.8468491621
1169174.6150496155
359425.18383068964
327466.44029151276
320489.17515172064
748694.5742973648
738376.2286798954
536164.6192363016
224148.23812414706
356039.0440996699
426596.91492679715
782483.8115861788
429290.9921562448
927155.2269748859
508171.7535729781
250652.631289877
246668.88266911358
534379.4651076943
409982.8971157372
696785.2175157145
342061.2858973853
323045.868941959
688579.8857439719
531659.9234976061
733577.4917173162
1253778.8520472348
910674.8216746151
785556.957851395
306256.1426664889
628517.2133584023
480939.44532900304
679586.8794261515
707864.412656188
682023.9241899215
883345.9528270401
467022.817238342
540663.5988713689
1057243.3770014606
521532.77108198777
454776.8518683277
322677.6054067053
290757.89897020906
193777.16620985046
855012.7159291282
255716.39554553851
478627.52709886804
139960.36674206704
800638.0060110502
746864.4526774213
370400.7264170982
485162.46516435966
157046.92165162414
816920.1287302189
503808.3319691606
518376.3075315282
575514.1982559748
259963.37884692475
373097.5242047161
517779.93099613115
199927.19290447235
652691.2652003728
474362.75826560333
364526.5251006186
1028909.0197172351
554518.4517696388
389945.5414974429
274744.8623338342
674032.998084832
545563.9292243049
464502.25146783143
646285.4427599795
503387.7660288848
182581.4760717824
575359.8365341052
824187.7610226497
599813.1862919778
591660.5988621414
1080935.907156393
1248739.4176132046
274414.802756805
444021.23778161034
1049643.5186648145
914973.6360865198
310954.49823918194
894072.0115789697
611592.1157525927
716205.5077206343
350286.72800779715
339040.1118843779
804095.298337236
1184618.7321062386
509530.0946621485
680071.4478509165
466577.3427762687
643691.0105618797
545157.4195219725
310933.5968101993
2200413.23205385
426726.46586959064
453723.8626588732
492010.0981827602
378002.96678109095
502246.99132146686
452208.1410139166
701984.6906835362
214556.28303461522
644481.0659917444
703170.7121908665
1774630.0541521795
642533.6159477457
572006.4329629168
810828.8567086123
269158.09573181346
751985.8329009973
1120141.7283163294
311844.50833718106
1920598.5607427657
598621.8463160507
316119.6384128444
484977.5920028575
485074.3191030137
712588.443416059
892104.3399117701
756967.8032167256
996228.5225862488
715659.6552630104
278547.1922357306
1610481.1024522334
611367.4121981747
579255.6067429334
507576.8560589291
352379.7342196107
512355.74513397366
429596.835386347
593769.8464484215
284665.96688798815
429573.016196914
493101.41851392016
421159.22488150373
546478.9169043191
929886.3311339654
450783.56451395154
551223.122754097
704467.1473515294
1081821.475838419
963784.2580985576
255726.8465966992
679472.5617778748
675422.1041418724
854606.3929101713
438631.3437058404
307560.8418140039
747676.4996381477
534290.0820947215
495599.98545547575
978892.4475761242
1469578.0289724655
847612.865843676
567708.0499070771
300034.9085226692
358136.4998354204
534226.6985269934
300861.1170991622
213512.8020066321
437987.79097378626
452067.8586705178
504685.62134676427
805579.2217098363
293021.3259429671
444790.2438310683
540656.0222756825
720576.3483607247
516788.8217122555
292288.8185767755
1142470.0434435867
446271.22896806523
847315.9767449759
516410.8455883898
608612.6662884615
498624.5256509483
510361.0411279835
559034.2914909609
643995.5950880535
1654716.5007070825
588821.3647170477
585673.183021944
894832.0180658028
652485.9760363586
297083.9156833403
194808.5687359944
1024309.6719357148
1377096.7229124345
396815.40397551283
198282.91976660118
365995.09838719666
205680.86319097504
455909.9099067822
356536.6534739435
810829.0591780432
346805.14263440296
600062.3165549189
507067.0394429639
471495.995378308
412641.5690468848
480307.394581005
653938.6955624074
235947.0844565779
540549.3972798735
231353.22783020884
408870.52251488715
461944.9762954712
394491.5065866262
479602.48189102486
337729.70691912994
623143.8691088036
310409.71639196575
920325.3852523416
514972.3972533308
362042.0824798122
1500106.241780553
489792.10673138127
431789.0753388256
357777.1821856797
734248.9964179993
485162.9464198835
1039571.6940207221
671478.6277079396
485134.219415389
434075.41759349406
252312.74463413656
197453.61490751803
379263.7361239344
480623.4249355309
795638.5827746242
1447443.156544786
111468.74179800227
300431.7970725745
232315.80294001848
234007.80793972313
759757.1623682566
429445.855894085
655531.7942026034
706714.3428377099
851087.7634374984
381352.41206812486
415064.8584416844
636671.0700049326
196959.6458047144
1019428.2638144754
958154.1226839647
515589.9449744411
439627.62366264686
799928.0904920176
448948.06612893566
475763.94598782435
448947.5040017478
438364.8805024773
494025.88987708837
618729.1332762204
302126.4395449981
320755.5815164186
369903.7515369989
315769.035025686
917847.0901112221
826577.1770279147
803088.5046728961
292876.9629739672
624764.1178803146
244052.36032621935
258255.8978091888
299160.7806160338
492651.75551724434
314711.87675672397
217135.1965768896
781491.164766401
937250.2021122538
1023356.6505499296
446887.7884510644
618503.5581509583
1380319.1078843065
520361.99083277956
1007609.7339669727
376434.86302324757
428760.3760436252
319300.849875845
338972.592527166
172232.14032401517
434887.9650257416
743962.0171039775
519786.1361236572
415821.83443294466
825539.1145612225
306686.3180741854
224657.2061064653
196612.33332768455
537348.2562608719
877903.8341501616
404128.72220274806
450373.8604321256
729483.2123277076
542372.7807144485
797969.4202954471
730911.7971815579
456101.3355341777
581398.867395889
433737.02262446657
534509.7200933844
800944.7042853758
519196.33753609285
358107.40716496855
320304.3727247417
761350.1229614131
678426.3841151148
467804.7395266518
745488.2223152407
442305.1146870926
271016.93122349307
963833.6724421121
576067.7427953929
242728.46459430456
1660983.2650076523
361800.5635849349
819765.3558474444
425168.03450703993
461039.4033089988
517385.1071225852
548492.0280563608
304369.45567570254
475106.6873510033
520791.2599501014
1070628.8279006518
623078.9902945794
933478.6454281509
213262.33422579616
356466.7024371959
787134.2412768863
199747.00678566843
954072.7745795026
880948.376229424
523483.02020848915
632049.4773046635
936237.1000581682
189410.89576411992
369420.38614420965
460662.935656175
175170.92854543775
323867.37003855035
586391.3221159354
499799.29074095935
539921.5885201953
544490.7699898034
795125.5000054128
525659.9524422362
353722.53455260023
573172.9971150905
274607.49182988703
550686.9805807546
458899.05104292557
327074.466666881
1136844.594386883
511868.5105100982
433479.90289605036
248840.9550213702
455659.4816954173
285963.44389024004
358613.9844273478
387022.3235138692
565747.0167895555
629556.3425058797
601833.9645903334
381017.90781935304
526716.0483351313
393804.1843265258
235739.7290746346
477803.7158333212
549538.7483083345
261561.17199578136
597119.712828055
817925.9393097498
442723.0140065029
496846.94814191386
368674.7389681861
775748.0840425193
317147.82993771136
367970.5678135939
1190865.1073369607
509406.34709153324
303862.0302497782
663506.8264993839
592182.1465212442
293558.46573668346
281998.7950359583
162280.70058718696
462537.0398331173
1204348.0853582174
614306.034905117
455534.8382796943
315166.8686439991
594855.9191171639
292008.37895538285
334860.6371950805
672600.5549108088
475085.1345295161
308073.94471042976
570032.5918429419
211629.63387883455
271618.27030603215
936047.2407040596
269651.456238579
700884.7088496424
763247.9264303297
826270.5383881517
273786.7794463672
420939.53729889914
389801.5116746761
184415.80445410684
879612.35558578
772315.9197775088
1008440.3128120787
612593.1433289982
316311.82594291866
936630.2530228458
497074.61085043475
2024638.367032107
529441.2056535892
963830.1346888356
620831.412082307
676504.4250660203
454478.4881215021
320276.08025289327
486781.146888949
737692.6012845598
794384.9142952934
128522.01178517565
547584.7670006417
248053.3118254766
284677.3093022257
330971.09923756495
721532.0854823962
530407.630608391
589655.0708278194
510142.5587066263
508172.3065837249
548071.8737600632
486004.213915661
578091.600898739
449155.5006794408
746070.2111117579
833397.8933394961
579914.7090438828
736402.7672915682
452707.4340826906
182958.69909359142
313336.154343985
577163.2451651469
360786.47255397215
363537.0143641606
601354.6813972332
508343.1204041131
565203.526218012
459861.4630639516
410717.63770996034
440482.31156200916
221609.7472822778
295442.91061739996
1101078.6755985543
332578.06341321394
426156.68169777095
407866.6909506917
1262072.991554197
312691.77794362605
584008.8036595285
900983.9625209421
488114.33707756177
981411.6746161357
296486.73717147857
502298.34416087717
712187.945969481
719214.8165037036
1264720.4966688529
1225439.3293365985
426596.91492679715
725121.1779421866
402811.9347079545
985964.8392098024
621994.4404618219
1506648.4016900882
447953.72492728755
413115.4152041599
330187.1219888553
350660.1374093145
555715.069855839
473553.320415847
723072.9360623434
1352052.1309325434
313745.83135052025
703002.580312334
1227883.160332173
506676.3414568454
944223.7705299631
650411.9564367719
438075.1896594651
439312.00318981335
517404.99452695996
286946.94703325257
314471.5442738235
508423.52380462736
440789.8608742282
960660.7648681067
340835.2116772458
824065.3217617758
437492.45120181143
443046.99574219063
498698.1353127174
377878.5104802586
434474.2200655192
607378.9571275599
626113.395763997
387796.02502661943
571099.3779688478
1117280.948226139
839911.0605097748
827263.2126914002
212865.0849898532
495593.0450694077
386113.77873143926
407577.07582531497
1111595.2969641015
923026.0752420314
414709.0352097191
950803.9166607521
531932.4811903052
304181.1309347674
586725.5179004595
267633.35121783987
379315.6898852326
534264.4719952866
649758.114658691
811715.2764155269
444791.38294501975
341830.9925703667
579601.3298476636
511464.72689725086
388381.62271846086
487628.11782851815
411028.68618635833
544505.5606253222
500272.09313692525
1015140.866410479
475596.9712364152
793788.517184034
849324.8476675004
149517.2685602829
1668236.4892076254
861747.0981304385
258035.9782298319
253725.39140057936
442905.79686559364
906678.2330883667
257872.32131398842
474614.1491655335
550697.275686387
212842.94584408775
273274.89144840837
306618.0887161866
572432.299775321
292226.5836490169
544045.819233451
370161.9607853852
269949.4084140919
527317.7750654072
241402.66460480914
648592.865843296
634961.471705135
428523.97553800046
362889.8091840744
1279576.1364795342
1151736.555926986
518406.3839124404
1647761.7563828789
304842.04800153524
208885.48470009118
682977.5873685367
701811.8447979428
369111.154964447
766290.4808402695
509515.8558893725
209974.17653600872
161294.43839807436
1151185.3465283327
953190.075410109
553011.983549986
402055.3780471161
489965.0251803361
514468.7928748615
1055577.9116766974
903446.6904355437
464305.4341597408
437334.1908252016
299585.9062834345
884423.5282808132
764242.0900100842
261277.64131181687
431779.36269894615
598268.2652010769
399396.1057565585
663493.2262295
1065053.4420053996
524348.5736280605
541489.4201272912
517747.8939134218
435675.464166522
697844.3090480305
450547.35741330683
249446.1173088923
429730.8683375865
472397.9903415553
397682.0950710848
44813.432763870806
427049.8958265297
559023.2242638841
226595.76749558002
1010427.236345306
813393.6004837491
342476.36021394655
65665.41234658659
444906.13590568304
485881.9658186659
400990.8383087404
1384120.8286251388
808076.8485610224
854294.9016252346
623472.0270283371
264087.9793618433
241699.22878588736
398339.8494374044
496135.52674207836
897675.0413033664
905653.5794162191
231375.36843687668
428063.49604621157
290560.29207652435
412380.4885671884
582811.4137651883
954275.4401449338
562103.6964320652
514450.44169314206
1135182.5262958482
476360.0251928903
642896.0387287252
686588.4099403135
376563.46697629616
1326342.4400919862
858521.6757183373
752792.1887564473
312166.9586446211
431981.95467844605
755805.1822739914
485824.1878235899
538806.9674878605
336802.30544628203
443555.0207898244
314420.45325547084
527703.9067694992
570008.7498678863
794375.133265473
530880.27007927
670913.3638086133
645089.7618148066
897312.5142750293
209911.32371233404
284672.83270087466
278984.91716106236
712027.5781481899
312997.8907535486
443849.29414618015
542765.9655462466
350162.1056819558
606612.6743571833
220846.3620246686
955216.3232801519
745579.8876537494
559774.2411382757
393976.6485526636
240946.696822647
361436.346784845
831677.4603337757
421241.3573149964
555181.5594421998
1013751.6215078346
764919.6200642362
565381.5643821172
758514.637515191
269016.1431851499
291234.1094244793
446812.1365354508
2485683.6335279197
397457.7776462361
225346.2865227461
330480.7485199496
416847.4471299499
539566.368391946
347462.1770655513
231234.9871010594
530035.6224177331
813488.8329381458
2123816.0023318008
487143.72089082
901735.8809987046
716930.9800108969
721385.69672193
581213.1209760644
165127.49365090206
995832.5688891709
258858.08489841223
619888.9301136024
710529.8534966148
284935.02072663605
647884.1393691488
586688.1571674347
736898.5607737117
296121.6313212067
757600.0760116391
230602.33758897334
434913.0059247874
443677.61565146595
187649.86781279743
811622.5278156064
718509.0058591776
617551.6676246189
530777.6649758741
545828.7312607914
450621.08125254884
402922.44578880444
354343.2644918375
241687.034564998
309495.1198802106
403157.53024632856
877443.1190150455
487327.2443290353
615774.7948792167
751070.5270045847
348867.34730247036
137340.68053307757
663483.6842679977
405875.72050287947
784847.0034997873
602854.3259223923
211998.65374477953
210812.55585170165
508825.7787461914
187780.68898189068
613738.9081183709
861688.9354649968
862934.5836402401
311250.871262908
607552.3635813668
345409.35503070056
706122.1720247343
759357.0813670158
788526.9239082523
1127373.92661307
372835.3496257737
301853.9990015626
389968.5965527445
280150.33957573026
473141.1714396104
509844.3841691762
636846.4230726808
356131.92089731246
979770.9167333171
383777.118976336
510049.4960422218
302695.5778783895
770746.8234768547
711444.1752230488
920973.2207069807
499010.16202789545
681752.6060191169
578132.952192802
219438.2476925999
551751.4685763791
593543.4203797802
363246.0930619687
874267.8124176599
334564.0007723905
603226.057587672
586880.0344728343
311084.07565811276
554547.6682239845
438124.10700126365
302324.54572627693
499117.8633864336
277338.3920500614
542582.486592453
185709.35328724235
190557.81532853842
1192475.2509852126
1029389.9077963978
857781.0658662468
817314.4870593548
783603.5850177817
594046.728805691
756287.0609802641
1659059.5135381445
1006683.0616538152
1223893.5432420485
148142.99103662372
363323.18959887326
653737.649848152
1094576.7038187645
335279.7809206061
326421.21935195103
680315.3953659013
953231.868427217
444012.26049287245
392970.1232695095
541320.4667898864
927637.7716762684
863781.2287353799
403117.97176336497
641868.1839958094
1381694.1424623393
112475.98876063898
591225.6709591113
909643.6172733642
285032.6250860989
823736.899727419
605744.040672373
774105.707273256
572489.1293707676
885544.9408397973
782560.2676856257
565913.6680036411
957516.2301448211
789038.4528485127
345671.33524522185
751458.8709716164
215186.59810689092
386471.89226747304
473211.7159033641
253998.4672881253
676434.8181775808
262779.5947098546
516038.53183962405
457364.399414666
523459.3189891204
512580.09004608914
652095.719753284
676250.0287334248
438920.5415768884
447861.13249213994
882901.1035118401
398601.39810669795
402402.0392536856
517582.12843480706
669496.9683813751
1815406.6892492175
537727.3006559834
480452.04688312486
793449.6203609407
566140.1677788608
555328.815996889
734824.1642184183
1066536.886842575
321243.4220052473
502324.8771599382
324123.7542387508
531031.0078568645
1101417.2295177765
680725.2523895055
267893.031170249
362471.55075792223
366392.5990665108
461660.4189765863
919747.0245283097
396449.0291997716
189803.8170900941
389737.5780175403
525607.6454589069
491651.617172841
505758.0136289373
356233.93187702075
927807.62111523
319696.7927929126
447420.3766428605
363719.15608199686
501617.14997235313
230539.02525168285
583136.3378138207
679917.8370677531
750932.6070224158
195267.50224122405
906318.641081173
202907.50712169707
307650.5230965391
754063.5889215842
432391.43536337465
360548.5489967279
733995.4977266528
552230.7294922024
421878.167322129
575856.2462642081
549751.4759931341
748018.4065844007
491438.09367833287
465374.5052700527
558768.6580230705
353312.67669705674
577769.2752404697
886034.2360955589
565945.2996105365
200553.20619573444
512936.2319020331
1335670.929287117
623770.3295550197
616917.6019121818
819638.6024200507
558056.9239819869
467655.7804703638
544934.5474981852
512589.6026790254
492375.90681147575
418879.4542345591
444333.97766082734
408050.7878610827
344996.6313289292
336282.68096970767
281815.9311851151
760703.731881842
595746.6817941591
1200158.8903830796
326771.0268885419
400979.4553720057
373877.889762152
257065.68704774976
715841.2245602421
447133.72839655355
599718.2883721776
1059527.1334050074
604504.30494757
271897.73433913663
309718.4710380174
551729.8331842944
670153.9443378001
357438.6205623634
477447.0175774433
427776.2058147527
215727.39247430116
309492.9773681797
712330.6025566533
165684.42867032066
507525.07279022783
465120.9436112456
422431.2059324421
287938.3798603639
422499.4544805847
582965.9507362992
463452.86257851496
252677.96595028788
920751.5337687619
496313.79624535143
508172.92484817654
297075.9004830308
481685.52401734516
590200.3678895272
1628237.14552724
523385.9997291826
474170.04693797976
570616.6910451464
562806.3068160117
308726.4209244959
1528053.3458784185
814573.9874196127
696754.1692303643
478753.91849793866
677433.5992067493
1248814.7611957416
825637.9198289663
1020203.3872862346
320215.7910778187
688194.7999261916
298189.874313809
780833.8705414496
991726.0808577947
516606.20714453235
618458.8461141475
361804.05267237127
382993.0554840043
1552092.5643595904
285707.3027320467
366510.003410276
663054.1283193827
449988.5814188905
367783.94890956953
502488.92771276087
348705.15830176324
772036.2972845212
615075.9291478917
499197.39657554403
1667976.7354702167
631839.8935840651
768006.3818836287
385553.66056511924
551884.2211832069
460754.08318991214
830663.971132502
258795.73690949753
544075.9952466711
647106.8270829134
609972.8612205461
918416.269534219
319289.60702693835
824031.4975189753
493867.21137444675
759125.7202262729
181449.7565880865
738243.1924849711
345595.5389871597
409332.00506569445
459749.54443331435
251129.31283191592
332019.25515569374
731223.5565531552
1676928.1584758796
538151.4495246187
429642.4809545465
360455.75167505816
1314785.5094266497
388617.09849864244
690412.1435949579
885911.1024996601
396654.9180597365
448600.37801162153
329892.13829530776
496004.29503851756
491542.9126539193
338744.7300383486
522224.0342373252
1600208.3628598787
545037.279077109
438442.8168699853
304382.7838129066
336431.7838926278
325779.387155775
378998.14682251215
345692.38486894965
304419.2363060415
366268.458598312
392060.45060903206
920019.3502231538
810859.6345593669
638985.9004114829
391045.28293554485
347237.7652091384
755398.072412882
253484.2985169217
573888.6303598545
363643.688681677
778545.5150599964
314252.86852360517
415315.2821404934
481951.4928693548
321334.8055554256
513325.5297028385
385418.2613747269
875305.4279906899
230888.37688649818
332198.90566248074
781870.198520042
910273.8896783292
372059.54834270105
462092.8050045371
538738.7732270509
782766.8410123512
689546.3685231023
227936.27615935355
473075.81241678074
357319.7924589254
503616.07273583114
1066665.1366860196
981674.5483933166
1048283.8862685114
464496.929420881
457283.9986765161
186168.23145125806
545800.0013503879
775906.5593581684
690589.5249048099
633115.2906155176
512169.7328424044
473853.69530860335
466244.3279065676
338593.5758422613
492444.2174145095
513338.4077099301
417928.05187943205
915082.8916958123
519458.53366303444
391141.5733355656
456748.0752915628
554990.6464431956
331356.12065858394
322942.7571599595
317597.2095907442
689678.708067745
738661.7854209989
174990.2705622129
314588.4994967729
403881.65868389606
472712.890482381
435371.5854591988
435537.4565433301
515333.09545755014
597085.733829461
442110.189013958
1125362.7853496112
566101.4475059174
470439.1897292957
290817.5032768883
572105.4215498604
876326.5757253431
527711.57215707
1833329.4579806626
727893.8339744322
976676.9546505921
65396.71015803516
676430.7601531968
338823.8214047998
1536178.6273953319
437612.7196820602
240304.84607023373
637679.7593435161
1006914.8890161291
707094.2974369936
333001.6050173603
497837.0620429255
441512.67631130666
626907.5609046817
548412.1357903332
967931.067541562
1307259.2852799334
1223498.193639733
629942.736528065
743186.7023195811
419305.4925299585
603985.8542358428
370263.12254162505
454158.49380703643
637836.8612808473
996612.1251585148
630823.221517235
724634.6025957391
364325.83122175187
504670.0853135139
957586.2982057407
552817.8036342226
1021275.5839083306
550311.1594239473
602253.2833709717
793445.0067371912
1291000.6773723252
1740502.7687923834
379155.89233542606
487632.59419506416
627666.9928994589
464708.3176098801
581499.061638087
304341.12646668777
528007.7901339531
2121472.114219509
920161.1494378485
455984.8332340941
454499.6020666212
490332.6694521643
348401.71038679406
1211634.398153916
1259728.4430473894
447968.4878427945
571686.9492648281
964839.6600050293
1183695.0596759357
190314.29670660943
530941.5256845802
570540.3961645737
816728.6839739792
1905411.9303384013
284931.0546086244
1159800.0275336541
1188131.0866276994
647089.9886573218
273519.3427015543
259443.2675449401
414888.68980453536
328993.2271170728
414800.9158349708
1243081.5902871117
381075.2484960854
699094.7748728842
415282.9748606011
536620.4912291579
332741.5180062577
612162.7569893748
395271.4111351669
733728.1203148067
325538.00153674185
190803.7469706759
1167821.5825773738
784980.7946427688
407008.5678328015
422115.14577591047
496816.64042766765
522471.6120733395
700438.1495387778
603639.8983520679
303581.00812631473
710349.4470589906
1022625.4746045023
639183.8361059837
419454.31761715934
642682.4567914307
316863.7114676796
732686.0518819652
583328.4424467646
1533679.1582109146
407921.4785146937
283161.46670698
549786.5098176338
234225.4651185833
742893.4588906206
536481.5645022579
511201.0035387464
2069150.3533238247
600951.6597319916
318125.59577595815
855847.547723718
640947.8744819537
665950.7958362736
510622.1313001327
502998.1503705941
367430.79269125685
223200.29389092326
530432.366718825
393244.53622823954
463114.7818963453
450963.7303996049
1164973.781798195
485762.04390930384
458211.51603392884
1047291.8493625671
414827.5395751782
535457.1058984771
744375.9914222248
1247579.0069300383
644304.0419180952
976969.210107822
1761598.569666531
366898.1607068144
159251.22438919917
463514.7839829363
451627.7175495364
554200.9838752262
883113.8037047423
466751.4045637436
506241.18709996715
472155.83392300084
315057.2031324692
416498.53380650654
329055.06792065874
